5 0.291295 0.415205 0.200893 0.210526
5 0.657924 0.097953 0.112723 0.061404
5 0.828683 0.037281 0.097098 0.071637
5 0.978795 0.104532 0.042411 0.135965
5 0.811384 0.325292 0.258929 0.387427
5 0.223772 0.266813 0.047991 0.097953
4 0.572545 0.543129 0.026786 0.071637
4 0.166853 0.598684 0.070312 0.033626
4 0.508929 0.730994 0.029018 0.076023
4 0.458147 0.817982 0.063616 0.059942
5 0.977679 0.325292 0.044643 0.068713
4 0.676897 0.069444 0.065848 0.036550
4 0.660156 0.025585 0.083705 0.036550
4 0.093750 0.256579 0.055804 0.039474
5 0.337054 0.039474 0.051339 0.076023
3 0.101562 0.440789 0.029018 0.033626
