5 0.790737 0.347953 0.103795 0.295322
5 0.720424 0.910088 0.139509 0.179825
5 0.913504 0.225877 0.170759 0.115497
5 0.172991 0.120614 0.191964 0.130117
5 0.630580 0.626462 0.205357 0.182749
5 0.606585 0.152778 0.333705 0.285088
4 0.080915 0.760234 0.050223 0.040936
4 0.178571 0.742690 0.040179 0.078947
5 0.805246 0.572368 0.106027 0.200292
5 0.883371 0.618421 0.199777 0.076023
5 0.907924 0.706871 0.184152 0.092105
5 0.888951 0.824561 0.172991 0.143275
5 0.604911 0.745614 0.180804 0.070175
5 0.652344 0.812865 0.121652 0.096491
5 0.567522 0.950292 0.157366 0.099415
4 0.278460 0.185673 0.050223 0.049708
4 0.029018 0.296053 0.055804 0.033626
2 0.423549 0.978801 0.025670 0.033626
