5 0.211496 0.484649 0.054688 0.238304
5 0.324777 0.841374 0.107143 0.314327
5 0.037946 0.627193 0.073661 0.166667
5 0.237723 0.255848 0.066964 0.192982
5 0.298549 0.706140 0.099330 0.070175
5 0.979911 0.074561 0.040179 0.146199
4 0.674665 0.130117 0.036830 0.108187
5 0.428571 0.790936 0.082589 0.143275
5 0.338170 0.550439 0.113839 0.232456
5 0.458147 0.405702 0.248884 0.133041
5 0.222656 0.476608 0.121652 0.137427
5 0.373326 0.291667 0.168527 0.185673
5 0.297991 0.244152 0.073661 0.160819
5 0.367188 0.215643 0.093750 0.124269
5 0.844866 0.510965 0.136161 0.293860
5 0.637835 0.022661 0.059152 0.042398
4 0.967634 0.123538 0.033482 0.071637
