5 0.137277 0.195906 0.127232 0.292398
5 0.594866 0.665936 0.120536 0.200292
5 0.521763 0.217105 0.128348 0.305556
5 0.863839 0.179094 0.174107 0.340643
5 0.756696 0.203947 0.167411 0.337719
4 0.782924 0.755848 0.021205 0.081871
4 0.025670 0.119883 0.029018 0.073099
5 0.078683 0.102339 0.152902 0.122807
5 0.526228 0.433480 0.175223 0.150585
5 0.880580 0.377924 0.238839 0.121345
4 0.715960 0.693713 0.030134 0.077485
5 0.577009 0.517544 0.129464 0.070175
4 0.776228 0.437865 0.063616 0.051170
5 0.546875 0.228070 0.203125 0.280702
4 0.157924 0.907164 0.043527 0.065789
0 0.925223 0.924708 0.035714 0.124269
0 0.892857 0.940058 0.020089 0.084795
