5 0.678013 0.099415 0.092634 0.195906
5 0.919643 0.068713 0.149554 0.134503
5 0.897321 0.798246 0.205357 0.187135
5 0.243862 0.411550 0.063616 0.086257
5 0.964286 0.437865 0.071429 0.235380
0 0.848772 0.535819 0.036830 0.109649
0 0.575335 0.331871 0.032366 0.114035
4 0.594866 0.347953 0.029018 0.070175
2 0.655692 0.592105 0.030134 0.035088
5 0.691406 0.504386 0.097098 0.043860
4 0.645089 0.518275 0.058036 0.083333
4 0.690290 0.469298 0.052455 0.038012
0 0.765625 0.562865 0.026786 0.087719
5 0.886161 0.226608 0.118304 0.143275
4 0.228237 0.789474 0.039062 0.090643
0 0.167969 0.807018 0.030134 0.058480
0 0.102121 0.905702 0.045759 0.051170
4 0.098214 0.529240 0.049107 0.049708
4 0.180804 0.451023 0.031250 0.054094
