5 0.933036 0.527047 0.133929 0.162281
5 0.599888 0.809211 0.092634 0.127193
5 0.495536 0.052632 0.060268 0.099415
5 0.271205 0.339912 0.292411 0.121345
5 0.128906 0.167398 0.148438 0.314327
5 0.225446 0.163743 0.216518 0.324561
5 0.024554 0.613304 0.046875 0.109649
4 0.179688 0.723684 0.031250 0.076023
4 0.657366 0.075292 0.024554 0.097953
5 0.815848 0.804825 0.256696 0.211988
5 0.475446 0.794591 0.180804 0.361111
5 0.692522 0.863304 0.123884 0.273392
4 0.782366 0.651316 0.051339 0.039474
5 0.734375 0.546784 0.205357 0.187135
5 0.760603 0.470029 0.103795 0.173977
5 0.968192 0.309942 0.063616 0.102339
5 0.845982 0.950292 0.062500 0.090643
4 0.563616 0.349415 0.042411 0.023392
