5 0.916295 0.700292 0.125000 0.143275
5 0.342076 0.660819 0.184152 0.137427
1 0.659040 0.794591 0.045759 0.074561
4 0.785156 0.649854 0.070312 0.030702
4 0.521763 0.706140 0.041295 0.076023
2 0.363281 0.317982 0.023438 0.030702
4 0.391183 0.313596 0.027902 0.071637
5 0.826451 0.403509 0.157366 0.125731
5 0.765625 0.407895 0.109375 0.321637
4 0.164062 0.500000 0.051339 0.078947
4 0.558036 0.380848 0.044643 0.048246
5 0.486607 0.386696 0.058036 0.109649
5 0.609375 0.116228 0.223214 0.209064
5 0.161830 0.209795 0.082589 0.109649
4 0.820871 0.960526 0.063616 0.070175
