5 0.806362 0.672515 0.202009 0.207602
5 0.192522 0.601608 0.065848 0.138889
5 0.845424 0.125731 0.121652 0.181287
5 0.622768 0.055556 0.127232 0.105263
4 0.595424 0.587719 0.110491 0.035088
4 0.168527 0.801170 0.026786 0.102339
5 0.331473 0.722222 0.214286 0.321637
5 0.111607 0.478070 0.216518 0.143275
4 0.234375 0.407164 0.029018 0.077485
5 0.524554 0.404240 0.424107 0.299708
4 0.283482 0.130848 0.037946 0.068713
0 0.386719 0.060673 0.056920 0.054094
5 0.809152 0.207602 0.131696 0.298246
5 0.669643 0.100877 0.109375 0.108187
