5 0.650670 0.305556 0.120536 0.084795
5 0.145647 0.271199 0.289062 0.179825
5 0.934152 0.220029 0.131696 0.179825
5 0.561384 0.821637 0.098214 0.356725
5 0.482701 0.762427 0.141741 0.349415
4 0.356585 0.866959 0.039062 0.114035
4 0.231027 0.498538 0.033482 0.087719
5 0.089286 0.820906 0.154018 0.165205
4 0.040737 0.141082 0.072545 0.027778
5 0.038504 0.372807 0.074777 0.049708
5 0.608259 0.361111 0.053571 0.055556
4 0.973772 0.367690 0.032366 0.057018
4 0.982143 0.528509 0.035714 0.033626
0 0.505580 0.575292 0.042411 0.042398
5 0.047433 0.074561 0.092634 0.116959
5 0.650670 0.592105 0.138393 0.125731
