5 0.145647 0.446637 0.108259 0.059942
5 0.106585 0.021930 0.177455 0.040936
5 0.572545 0.461988 0.227679 0.146199
5 0.954799 0.641082 0.083705 0.153509
5 0.299665 0.635965 0.257812 0.470760
0 0.277344 0.168129 0.039062 0.087719
4 0.164621 0.416667 0.065848 0.038012
4 0.146205 0.372076 0.069196 0.033626
5 0.316964 0.364766 0.062500 0.121345
0 0.416295 0.039474 0.055804 0.055556
4 0.702009 0.454678 0.026786 0.084795
4 0.601562 0.588450 0.049107 0.039474
5 0.583705 0.698830 0.160714 0.228070
5 0.489397 0.684942 0.101562 0.083333
5 0.569754 0.857456 0.146205 0.121345
4 0.720982 0.607456 0.040179 0.065789
5 0.845424 0.357456 0.077009 0.112573
4 0.732143 0.780702 0.046875 0.058480
5 0.893973 0.581871 0.055804 0.122807
5 0.955357 0.120614 0.033482 0.097953
5 0.911830 0.162281 0.049107 0.040936
