5 0.947545 0.677632 0.100446 0.162281
5 0.148996 0.138889 0.072545 0.207602
5 0.312500 0.251462 0.214286 0.283626
5 0.870536 0.114035 0.254464 0.225146
5 0.111607 0.179094 0.071429 0.138889
4 0.117746 0.524123 0.032366 0.130117
4 0.152902 0.516082 0.051339 0.108187
5 0.070871 0.334795 0.074777 0.111111
4 0.032366 0.368421 0.031250 0.064327
0 0.078125 0.385234 0.051339 0.036550
2 0.193080 0.170322 0.022321 0.033626
0 0.854911 0.319444 0.069196 0.045322
4 0.812500 0.622076 0.026786 0.112573
0 0.265625 0.866228 0.046875 0.062865
4 0.487165 0.420322 0.032366 0.062865
4 0.924107 0.198830 0.040179 0.076023
