5 0.326451 0.084064 0.172991 0.165205
5 0.896763 0.597953 0.090402 0.210526
5 0.368304 0.668129 0.113839 0.289474
5 0.280134 0.681287 0.129464 0.295322
5 0.567522 0.079678 0.079241 0.156433
5 0.080357 0.538012 0.111607 0.096491
5 0.819754 0.148392 0.121652 0.293860
5 0.672433 0.149854 0.097098 0.092105
5 0.943080 0.633041 0.109375 0.228070
5 0.651228 0.825292 0.253348 0.165205
5 0.763393 0.593567 0.095982 0.236842
5 0.111049 0.153509 0.206473 0.149123
5 0.335938 0.188596 0.109375 0.076023
5 0.039062 0.342105 0.075893 0.102339
5 0.189732 0.948099 0.162946 0.103801
4 0.106027 0.583333 0.031250 0.070175
5 0.459821 0.755848 0.078125 0.169591
5 0.393973 0.959064 0.044643 0.081871
5 0.595982 0.910819 0.223214 0.073099
5 0.573103 0.964912 0.222098 0.070175
5 0.705357 0.728070 0.174107 0.125731
5 0.795759 0.918129 0.131696 0.134503
4 0.668527 0.418129 0.060268 0.017544
4 0.900670 0.321637 0.042411 0.029240
5 0.944754 0.404240 0.110491 0.115497
5 0.588170 0.307749 0.087054 0.168129
5 0.912946 0.260234 0.093750 0.090643
5 0.886719 0.208333 0.119420 0.074561
