5 0.793527 0.293129 0.100446 0.171053
5 0.872768 0.357456 0.254464 0.106725
5 0.644531 0.240497 0.128348 0.299708
5 0.752232 0.283626 0.062500 0.187135
5 0.525112 0.418860 0.280134 0.159357
5 0.151786 0.497807 0.125000 0.121345
4 0.022879 0.747076 0.043527 0.046784
5 0.164062 0.758041 0.133929 0.127193
5 0.061384 0.883041 0.111607 0.233918
5 0.031250 0.882310 0.060268 0.235380
4 0.506696 0.700292 0.060268 0.038012
4 0.512277 0.649123 0.046875 0.032164
4 0.489397 0.527778 0.027902 0.055556
0 0.373884 0.139620 0.049107 0.083333
0 0.387835 0.096491 0.041295 0.049708
5 0.670201 0.723684 0.197545 0.435673
5 0.573661 0.508041 0.178571 0.141813
5 0.787388 0.549708 0.193080 0.190058
5 0.641741 0.318713 0.060268 0.099415
5 0.253906 0.049708 0.110491 0.049708
