5 0.628906 0.423246 0.146205 0.264620
5 0.905134 0.596491 0.138393 0.125731
5 0.775670 0.375731 0.136161 0.292398
5 0.310826 0.089181 0.090402 0.175439
5 0.595982 0.785819 0.350446 0.188596
5 0.637277 0.065789 0.292411 0.128655
5 0.527344 0.208333 0.103795 0.127193
0 0.477121 0.513158 0.030134 0.102339
4 0.628348 0.561404 0.075893 0.040936
5 0.933594 0.748538 0.132812 0.239766
5 0.694754 0.941520 0.164062 0.116959
5 0.878906 0.971491 0.077009 0.057018
0 0.392299 0.540205 0.023438 0.080409
2 0.284040 0.568713 0.023438 0.029240
5 0.271205 0.497076 0.053571 0.084795
5 0.319754 0.480263 0.097098 0.051170
4 0.318080 0.446637 0.053571 0.036550
5 0.698661 0.835526 0.042411 0.039474
4 0.840960 0.487573 0.030134 0.080409
4 0.899554 0.324561 0.062500 0.049708
0 0.203125 0.292398 0.029018 0.081871
4 0.224888 0.319444 0.030134 0.062865
4 0.411272 0.059211 0.045759 0.062865
