5 0.839844 0.819444 0.195312 0.241228
5 0.894531 0.610380 0.184152 0.112573
5 0.761719 0.127193 0.085938 0.228070
5 0.550781 0.550439 0.367188 0.247076
5 0.183036 0.236842 0.250000 0.307018
5 0.610491 0.387427 0.176339 0.116959
5 0.608259 0.622807 0.261161 0.172515
5 0.709263 0.188596 0.121652 0.374269
5 0.657924 0.801901 0.246652 0.366959
5 0.906250 0.472222 0.167411 0.152047
5 0.611607 0.217105 0.089286 0.121345
5 0.831473 0.152778 0.062500 0.206140
5 0.932478 0.179094 0.135045 0.127193
5 0.951451 0.311404 0.097098 0.175439
5 0.834821 0.510965 0.113839 0.071637
4 0.832589 0.733187 0.053571 0.086257
4 0.311384 0.505117 0.071429 0.036550
4 0.196987 0.236842 0.079241 0.023392
4 0.279576 0.048246 0.025670 0.073099
