5 0.205357 0.312865 0.243304 0.160819
5 0.089286 0.233918 0.069196 0.204678
5 0.139509 0.242690 0.116071 0.166667
5 0.872768 0.701754 0.254464 0.157895
5 0.030134 0.218567 0.058036 0.255848
5 0.401228 0.345029 0.132812 0.210526
5 0.053571 0.739035 0.104911 0.475146
5 0.119420 0.479532 0.236607 0.195906
4 0.670201 0.540936 0.045759 0.070175
4 0.897321 0.347953 0.024554 0.084795
2 0.867188 0.352339 0.031250 0.032164
4 0.434152 0.215643 0.055804 0.048246
4 0.424665 0.125000 0.056920 0.027778
4 0.602679 0.706140 0.029018 0.081871
5 0.661272 0.227339 0.070312 0.127193
5 0.980469 0.418129 0.039062 0.119883
