5 0.818080 0.138889 0.100446 0.274854
5 0.698661 0.448830 0.089286 0.289474
5 0.928013 0.235380 0.143973 0.213450
5 0.231585 0.062865 0.088170 0.122807
5 0.622210 0.777047 0.146205 0.252924
5 0.328125 0.141082 0.169643 0.089181
4 0.494420 0.864766 0.042411 0.074561
5 0.531250 0.635965 0.180804 0.102339
4 0.569754 0.546053 0.072545 0.059942
4 0.589286 0.592105 0.044643 0.023392
4 0.709821 0.752924 0.033482 0.046784
5 0.801339 0.535088 0.205357 0.274854
5 0.862165 0.451023 0.135045 0.244152
5 0.752232 0.234649 0.118304 0.103801
5 0.637835 0.144737 0.059152 0.111111
4 0.310268 0.390351 0.071429 0.061404
5 0.357143 0.315058 0.223214 0.229532
5 0.441964 0.059942 0.285714 0.116959
5 0.071429 0.459064 0.140625 0.315789
4 0.188616 0.074561 0.037946 0.073099
