5 0.664621 0.389620 0.077009 0.138889
5 0.511161 0.515351 0.102679 0.106725
5 0.906250 0.254386 0.118304 0.327485
5 0.049107 0.475146 0.095982 0.263158
5 0.792411 0.051901 0.066964 0.100877
5 0.659040 0.166667 0.110491 0.330409
4 0.387277 0.773392 0.029018 0.093567
5 0.635603 0.921784 0.168527 0.115497
4 0.330357 0.043860 0.024554 0.070175
5 0.257812 0.224415 0.035714 0.089181
2 0.184152 0.161550 0.035714 0.033626
2 0.376674 0.093567 0.023438 0.035088
5 0.517299 0.048246 0.226562 0.093567
4 0.104911 0.059942 0.078125 0.043860
5 0.790179 0.165205 0.031250 0.081871
5 0.810826 0.160819 0.186384 0.134503
